id,user,likes,dislikes,followers
1,lmalletratt0,575,3202,10836
3,vhowgego2,1353,3392,14858
5,htacker4,980,3258,14278
7,epetr6,1206,2358,13270
11,bdurstona,1895,3480,16562
12,acalcottb,1186,1445,12115
15,dlabese,647,1263,15764
17,dgifkinsg,1087,2698,18804
18,rrosewarneh,1552,2132,12184
20,dgannanj,978,2795,18347
21,emulqueenk,2150,2935,16649
22,amcgeel,1188,1384,14799
23,zfurseym,2771,2982,16092
24,asummersiden,2027,2343,16076
25,hdaykino,744,1831,14054
26,pmingop,1994,2669,14193
28,rkinghornr,2088,3406,11445
31,mmaxweellu,1750,2642,13200
33,scroalw,1394,3437,15312
37,loates10,1464,2616,17376
38,ayea11,1571,2809,16217
39,jdeackes12,576,1326,14710
41,hdominetti14,1053,1501,15145
43,tpfeffer16,1453,2332,13159
45,jdressell18,2279,3240,10804
48,ahodgins1b,1505,3260,18595
49,mboycott1c,986,3129,14409
55,ctabour1i,1188,2780,13171
62,akemson1p,931,2151,14134
64,snoller1r,696,1956,12433
66,eantusch1t,2684,2976,12573
67,chintzer1u,1935,3401,15710
70,jjosefsen1x,843,1629,13929
71,tmckeaney1y,2529,2923,18793
73,cdmitrievski20,730,3036,14344
75,agehringer22,1346,1921,17356
76,mgerriet23,2004,3374,10491
80,mvossgen27,1407,2005,12754
81,lnorcliff28,1537,2990,18267
82,rphilp29,1169,2017,19832
83,wjeavon2a,2227,3049,17611
84,skingston2b,951,1338,16536
86,choggin2d,934,2446,16069
87,dkeilty2e,2351,2800,15230
90,malexis2h,2540,3077,19643
91,wcluff2i,751,1070,14426
92,udubock2j,2473,3232,14282
95,tquartermaine2m,1383,1774,13222
97,gmacsharry2o,1686,3174,11703
98,cdarkott2p,969,1542,16022
