id,user,likes,dislikes,followers
2,skilmurray1,2654,2472,13550
8,pcucinotta7,2172,1555,13780
9,mlumly8,2874,1774,18625
13,hfenlonc,2246,1334,13893
19,dmayoi,2800,360,14929
21,emulqueenk,2150,2935,16649
23,zfurseym,2771,2982,16092
24,asummersiden,2027,2343,16076
28,rkinghornr,2088,3406,11445
29,gmerrgans,2994,762,12461
30,kdalgarnot,2040,1046,18511
34,nlearnedx,2261,1000,14529
35,cmarshamy,2105,1899,19415
40,rworsley13,2545,1588,19127
45,jdressell18,2279,3240,10804
46,aferneyhough19,2905,1315,11201
50,lbarribal1d,2052,1250,13138
51,jnorsworthy1e,2311,1282,14168
52,scawse1f,2002,527,17015
54,hnairns1h,2618,1417,16151
58,kmeineken1l,2882,1415,18206
66,eantusch1t,2684,2976,12573
68,svasin1v,2390,391,12123
69,gletts1w,2861,2110,15563
71,tmckeaney1y,2529,2923,18793
72,mlorden1z,2023,414,12411
74,bmarcus21,2634,856,13040
76,mgerriet23,2004,3374,10491
83,wjeavon2a,2227,3049,17611
87,dkeilty2e,2351,2800,15230
90,malexis2h,2540,3077,19643
92,udubock2j,2473,3232,14282
93,dgoracci2k,2833,2701,12853
94,eearey2l,2814,1976,17078
96,lkabsch2n,2376,1636,12463
99,apetrecz2q,2276,756,12627
